Double
0
0
0
0
1
1
1
1
1
1
2
3
3
4
4
5
6
6
6
7
7
7
7
7
8
10
10
12
12
12
12
13
14
16
16
17
19
20
20
20
21
24
25
26
26
26
26
26
29
30
30
32
33
33
36
38
40
42
44
45
45
45
47
50
51
51
55
57
61
63
64
67
68
72
75
78
80
82
85
88
91
93
96
101
104
107
108
110
111
111
112
113
116
117
120
120
122
123
127
130
131
133
133
135
136
139
141
143
146
149
155
158
163
165
167
168
172
174
178
184
186
187
190
191
191
195
197
200
203
208
212
214
219
222
224
225
225
225
231
234
239
242
249
255
257
262
266
268
272
275
277
282
285
288
291
294
302
305
307
310
310
312
315
319
324
328
329
331
334
339
345
346
349
351
357
366
367
368
370
375
380
382
383
386
387
391
394
400
405
412
413
416
425
431
437
440
440
445
447
452



 Int
0
0
0
0
0
0
0
0
0
0
0
0
0
0
0
0
0
0
0
0
0
0
0
0
0
0
0
0
0
0
0
0
0
0
0
0
0
0
0
0
0
0
0
0
0
0
0
0
0
0
0
0
0
0
0
0
0
0
0
0
0
0
0
0
0
0
0
0
0
0
0
0
0
0
0
0
0
0
0
0
0
0
0
0
0
0
0
0
0
0
0
0
0
0
0
0
0
0
0
0
0
0
0
0
0
0
0
0
0
0
0
0
0
0
0
0
0
0
0
0
0
0
0
0
0
0
0
0
0
0
0
0
0
0
0
0
0
0
0
0
0
0
0
0
0
0
0
0
0
0
0
0
0
0
0
0
0
0
0
0
0
0
0
0
0
0
0
0
0
0
0
0
0
0
0
0
0
0
0
0
0
0
0
0
0
0
0
0
0
0
0
0
0
0
0
0
0
0
0
0



 string
0
0
0
0
0
0
0
0
0
0
0
1
1
1
2
3
3
4
5
5
5
7
10
10
10
11
11
12
13
14
14
15
15
16
17
17
18
19
19
20
23
23
25
27
31
32
32
37
40
42
42
45
46
48
49
49
49
49
52
54
55
57
57
58
60
61
62
62
63
65
68
69
69
71
74
74
78
81
82
83
85
89
89
89
90
94
95
96
96
99
104
104
106
109
111
113
115
116
119
122
125
129
132
133
134
136
139
142
144
145
146
147
149
151
154
156
157
161
164
168
171
174
178
181
183
186
189
191
193
196
198
205
208
210
216
220
221
224
226
228
229
235
236
237
242
248
251
252
254
256
261
267
272
275
282
286
293
298
302
307
309
311
315
317
323
328
332
335
337
337
342
348
353
358
364
370
375
379
384
386
394
399
400
404
409
411
416
420
423
427
433
435
439
442
445
447
448
452
453
456
