RSHash0
0
0
0
0
0
0
1
1
2
2
2
2
4
4
4
4
5
5
5
5
5
6
7
7
7
7
11
11
11
11
13
15
15
15
16
16
16
17
19
20
21
22
27
31
33
33
33
33
35
35
35
35
37
39
40
41
43
44
44
45
45
48
49
51
51
53
53
55
59
59
61
61
61
62
64
65
66
67
69
71
74
79
79
79
80
83
84
86
90
90
93
95
98
102
103
106
109
110
112
114
116
118
120
122
127
127
130
132
134
135
138
139
140
140
142
146
147
151
153
155
156
162
163
165
166
169
173
175
179
186
189
190
192
194
195
199
204
207
210
216
219
222
223
229
230
233
236
242
246
251
255
257
259
261
262
266
271
276
280
284
289
293
294
299
301
303
308
310
313
315
315
318
322
324
331
333
337
342
349
355
363
369
371
377
383
388
394
397
400
403
407
413
420
427
431
436
442
447
451


JSHash0
0
0
0
1
2
2
3
3
3
4
5
6
7
8
8
8
10
12
13
14
14
14
15
15
15
16
16
17
17
17
18
18
19
20
20
20
21
23
23
24
24
26
26
26
26
26
27
29
30
32
34
34
35
35
38
39
39
42
43
44
47
49
52
54
54
55
56
58
60
63
65
67
67
67
69
70
72
73
76
79
79
82
83
85
88
90
92
93
94
95
100
104
111
113
113
114
116
119
120
124
124
127
130
133
135
135
139
141
145
146
148
150
154
156
157
158
160
162
165
169
171
176
179
181
187
191
193
198
201
203
207
209
213
218
223
227
229
233
236
237
238
242
246
250
254
257
261
262
268
271
274
278
283
286
290
294
297
301
304
304
311
319
321
327
330
335
338
344
349
355
364
366
370
376
380
384
394
396
399
404
410
414
419
427
435
440
444
447
449
455
459
462
469
474
480
486
489
498
499


PJWHash0
1
2
3
6
10
14
19
23
27
34
40
50
57
62
70
80
86
100
109
118
134
147
161
168
178
185
199
214
223
242
259
280
300
326
338
353
375
404
428
460
484
508
529
546
564
587
610
629
651
673
699
724
746
772
801
829
865
882
924
960
993
1026
1064
1098
1128
1165
1195
1228
1266
1309
1347
1389
1424
1459
1503
1541
1589
1627
1652
1688
1731
1760
1797
1839
1879
1916
1953
1997
2049
2110
2153
2189
2221
2266
2314
2362
2409
2454
2502
2540
2598
2646
2690
2746
2805
2862
2919
2978
3036
3084
3139
3189
3242
3286
3351
3408
3473
3526
3578
3637
3695
3767
3830
3890
3946
4002
4060
4130
4211
4284
4352
4431
4514
4567
4639
4701
4783
4840
4910
4983
5058
5124
5199
5270
5335
5416
5504
5580
5666
5735
5822
5904
5985
6053
6133
6221
6298
6365
6454
6530
6622
6694
6786
6868
6964
7074
7146
7238
7317
7412
7505
7601
7686
7765
7855
7955
8054
8129
8221
8294
8379
8479
8574
8659
8751
8855
8935
9015
9093
9188
9274
9355
9429
9503
9579
9672
9765
9857
9943


ELFHash0
1
2
3
6
10
14
19
23
27
34
40
50
57
62
70
80
86
100
109
118
134
147
161
168
178
185
199
214
223
242
259
280
300
326
338
353
375
404
428
460
484
508
529
546
564
587
610
629
651
673
699
724
746
772
801
829
865
882
924
960
993
1026
1064
1098
1128
1165
1195
1228
1266
1309
1347
1389
1424
1459
1503
1541
1589
1627
1652
1688
1731
1760
1797
1839
1879
1916
1953
1997
2049
2110
2153
2189
2221
2266
2314
2362
2409
2454
2502
2540
2598
2646
2690
2746
2805
2862
2919
2978
3036
3084
3139
3189
3242
3286
3351
3408
3473
3526
3578
3637
3695
3767
3830
3890
3946
4002
4060
4130
4211
4284
4352
4431
4514
4567
4639
4701
4783
4840
4910
4983
5058
5124
5199
5270
5335
5416
5504
5580
5666
5735
5822
5904
5985
6053
6133
6221
6298
6365
6454
6530
6622
6694
6786
6868
6964
7074
7146
7238
7317
7412
7505
7601
7686
7765
7855
7955
8054
8129
8221
8294
8379
8479
8574
8659
8751
8855
8935
9015
9093
9188
9274
9355
9429
9503
9579
9672
9765
9857
9943
